名稱           次數           記憶體         系統時間       使用者時間
drink          1              2874           0              1
emote          1              2705           0              1
get            2              5929           0              0
go             10             126169         1              6
help           4              12229          0              5
look           2              15056          0              2
say            8              11255          0              1
score          1              5999           0              1
where          1              3727           0              0
who            1              8509           0              0
